[0m[ INFO] [1691952150.190936030, 13.628000000]: laser tb3_0/base_scan's pose wrt base: -0.032 0.000 0.000[0m
Info: clipped range threshold to be within minimum and maximum range!
Registering sensor: [/tb3_0/base_scan]
COMPUTE1 Final result_:
Values with 1 values:
Value 0: (gtsam::Pose2) (0, 0, 0)

[0m[ INFO] [1691952150.200991775, 13.637000000]: Key ID: 0, Optimized Position (x, y, theta): (0, 0, 0), Marginal Covariance:
1e-12     0     0
    0 1e-12     0
    0     0 1e-16[0m
CHECKPOINT received correctedGraphNodes_
CHECKPOINT received correctedGraphNodes_
CHECKPOINT received correctedGraphNodes_
CHECKPOINT received correctedGraphNodes_
CHECKPOINT received correctedGraphNodes_
COMPUTE1 Final result_:
Values with 6 values:
Value 0: (gtsam::Pose2) (1.01544e-22, 1.07143e-22, 4.94199e-27)

Value 1: (gtsam::Pose2) (0.160661, 0.00322623, 0.0211494)

Value 2: (gtsam::Pose2) (0.292657, 0.0158087, 0.0109639)

Value 3: (gtsam::Pose2) (0.412629, -0.00296476, 0.0130425)

Value 4: (gtsam::Pose2) (0.542276, 0.00858561, 0.0865296)

Value 5: (gtsam::Pose2) (0.634667, 0.0200472, 0.283292)

[0m[ INFO] [1691952187.394318522, 49.286000000]: Key ID: 0, Optimized Position (x, y, theta): (1.01544e-22, 1.07143e-22, 4.94199e-27), Marginal Covariance:
       1e-12 -3.55271e-39 -4.73317e-69
-3.55271e-39        1e-12  1.33227e-42
-4.73317e-69  1.33227e-42        1e-16[0m
[0m[ INFO] [1691952187.394464440, 49.286000000]: Key ID: 1, Optimized Position (x, y, theta): (0.160661, 0.00322623, 0.0211494), Marginal Covariance:
 0.00485818  0.00245558 1.95031e-20
 0.00245558    0.039951 1.61001e-17
1.95031e-20 1.61001e-17 0.000115754[0m
[0m[ INFO] [1691952187.394546937, 49.286000000]: Key ID: 2, Optimized Position (x, y, theta): (0.292657, 0.0158087, 0.0109639), Marginal Covariance:
   0.0134775   0.00716841 -1.28887e-06
  0.00716841    0.0863729  1.52941e-05
-1.28887e-06  1.52941e-05  0.000232437[0m
[0m[ INFO] [1691952187.394626907, 49.286000000]: Key ID: 3, Optimized Position (x, y, theta): (0.412629, -0.00296476, 0.0130425), Marginal Covariance:
  0.0451197   0.0148214  3.4699e-06
  0.0148214    0.141914 4.31233e-05
 3.4699e-06 4.31233e-05 0.000356869[0m
[0m[ INFO] [1691952187.394714723, 49.286000000]: Key ID: 4, Optimized Position (x, y, theta): (0.542276, 0.00858561, 0.0865296), Marginal Covariance:
  0.0655097   0.0284796 6.24873e-06
  0.0284796    0.175464 8.71735e-05
6.24873e-06 8.71735e-05 0.000436967[0m
[0m[ INFO] [1691952187.394805572, 49.286000000]: Key ID: 5, Optimized Position (x, y, theta): (0.634667, 0.0200472, 0.283292), Marginal Covariance:
  0.0915005   0.0429122 2.92437e-05
  0.0429122    0.167567 0.000120373
2.92437e-05 0.000120373 0.000440412[0m
CHECKPOINT received correctedGraphNodes_
PUBLISH OPTIMIZATION OUTPUT result:
Values with 6 values:
Value 0: (gtsam::Pose2) (1.01544e-22, 1.07143e-22, 4.94199e-27)

Value 1: (gtsam::Pose2) (0.160661, 0.00322623, 0.0211494)

Value 2: (gtsam::Pose2) (0.292657, 0.0158087, 0.0109639)

Value 3: (gtsam::Pose2) (0.412629, -0.00296476, 0.0130425)

Value 4: (gtsam::Pose2) (0.542276, 0.00858561, 0.0865296)

Value 5: (gtsam::Pose2) (0.634667, 0.0200472, 0.283292)

CHECKPOINT received correctedGraphNodes_
Edge between pose and landmark: 7 and l0
CHECKPOINT received correctedGraphNodes_
Edge between pose and landmark: 8 and l0
CHECKPOINT received correctedGraphNodes_
Edge between pose and landmark: 9 and l0
CHECKPOINT received correctedGraphNodes_
Edge between pose and landmark: 10 and l1
Edge between pose and landmark: 10 and l0
COMPUTE1 Final result_:
Values with 13 values:
Value 0: (gtsam::Pose2) (-3.47949e-27, -2.21789e-27, -1.12626e-30)

Value 1: (gtsam::Pose2) (0.160661, 0.00322623, 0.0211494)

Value 2: (gtsam::Pose2) (0.292657, 0.0158087, 0.0109639)

Value 3: (gtsam::Pose2) (0.412629, -0.00296476, 0.0130425)

Value 4: (gtsam::Pose2) (0.542276, 0.00858561, 0.0865296)

Value 5: (gtsam::Pose2) (0.634667, 0.0200472, 0.283292)

Value 6: (gtsam::Pose2) (0.685909, 0.0298045, 0.453831)

Value 7: (gtsam::Pose2) (0.760437, 0.0709979, 0.776535)

Value 8: (gtsam::Pose2) (0.819056, -0.184983, 1.00335)

Value 9: (gtsam::Pose2) (0.90928, -0.380999, 1.1898)

Value 10: (gtsam::Pose2) (0.950112, -0.446307, 1.25631)

Value l0: (gtsam::Point2) (1.91367, 0.200288)

Value l1: (gtsam::Point2) (1.76319, -1.4277)

[0m[ INFO] [1691952190.051400616, 51.858000000]: Key ID: 0, Optimized Position (x, y, theta): (-3.47949e-27, -2.21789e-27, -1.12626e-30), Marginal Covariance:
       1e-12  3.62554e-36 -2.61986e-39
 3.62554e-36        1e-12  2.10987e-39
-2.61986e-39  2.10987e-39        1e-16[0m
[0m[ INFO] [1691952190.051512695, 51.858000000]: Key ID: 1, Optimized Position (x, y, theta): (0.160661, 0.00322623, 0.0211494), Marginal Covariance:
  0.00485818   0.00245558 -9.12514e-18
  0.00245558     0.039951  1.00748e-16
-9.12514e-18  1.00748e-16  0.000115754[0m
[0m[ INFO] [1691952190.051639603, 51.858000000]: Key ID: 2, Optimized Position (x, y, theta): (0.292657, 0.0158087, 0.0109639), Marginal Covariance:
   0.0134775   0.00716841 -1.28887e-06
  0.00716841    0.0863729  1.52941e-05
-1.28887e-06  1.52941e-05  0.000232437[0m
[0m[ INFO] [1691952190.051769640, 51.859000000]: Key ID: 3, Optimized Position (x, y, theta): (0.412629, -0.00296476, 0.0130425), Marginal Covariance:
  0.0451197   0.0148214  3.4699e-06
  0.0148214    0.141914 4.31233e-05
 3.4699e-06 4.31233e-05 0.000356869[0m
[0m[ INFO] [1691952190.051934920, 51.859000000]: Key ID: 4, Optimized Position (x, y, theta): (0.542276, 0.00858561, 0.0865296), Marginal Covariance:
  0.0649023   0.0279789 6.22224e-06
  0.0279789    0.173593  8.6864e-05
6.22224e-06  8.6864e-05 0.000432879[0m
[0m[ INFO] [1691952190.052061237, 51.859000000]: Key ID: 5, Optimized Position (x, y, theta): (0.634667, 0.0200472, 0.283292), Marginal Covariance:
  0.0883297   0.0431135 2.92584e-05
  0.0431135    0.164329 0.000120485
2.92584e-05 0.000120485 0.000435591[0m
[0m[ INFO] [1691952190.052262847, 51.859000000]: Key ID: 6, Optimized Position (x, y, theta): (0.685909, 0.0298045, 0.453831), Marginal Covariance:
   0.124264   0.0575794 5.54151e-05
  0.0575794    0.169251 0.000136371
5.54151e-05 0.000136371 0.000495022[0m
[0m[ INFO] [1691952190.052414680, 51.859000000]: Key ID: 7, Optimized Position (x, y, theta): (0.760437, 0.0709979, 0.776535), Marginal Covariance:
    0.22077   0.0680759 0.000107111
  0.0680759       0.184 0.000152366
0.000107111 0.000152366 0.000622322[0m
[0m[ INFO] [1691952190.052554592, 51.859000000]: Key ID: 8, Optimized Position (x, y, theta): (0.819056, -0.184983, 1.00335), Marginal Covariance:
    0.248928    0.0532204  0.000163977
   0.0532204     0.156153 -0.000106486
 0.000163977 -0.000106486  0.000749634[0m
[0m[ INFO] [1691952190.052701859, 51.859000000]: Key ID: 9, Optimized Position (x, y, theta): (0.90928, -0.380999, 1.1898), Marginal Covariance:
    0.265245     0.032679  0.000176105
    0.032679      0.14011 -0.000351655
 0.000176105 -0.000351655  0.000865215[0m
[0m[ INFO] [1691952190.052870634, 51.860000000]: Key ID: 10, Optimized Position (x, y, theta): (0.950112, -0.446307, 1.25631), Marginal Covariance:
    0.26911   0.0241423 0.000113633
  0.0241423    0.136473 -0.00051966
0.000113633 -0.00051966 0.000990719[0m
[0m[ INFO] [1691952190.052983407, 51.860000000]: Key ID: 0, Optimized Position (x, y): (1.91367, 0.200288), Marginal Covariance:
 0.134673 0.0194341
0.0194341  0.271412[0m
[0m[ INFO] [1691952190.053113673, 51.860000000]: Key ID: 1, Optimized Position (x, y): (1.76319, -1.4277), Marginal Covariance:
 0.136984 0.0206811
0.0206811  0.271215[0m
[0m[ INFO] [1691952190.053185330, 51.860000000]: map feature key: 0[0m
[0m[ INFO] [1691952190.053205787, 51.860000000]: map feature key: 1[0m
CHECKPOINT received correctedGraphNodes_
CHECKPOINT added graphnodes
CHECKPOINT added graphnodes
PUBLISH OPTIMIZATION OUTPUT result:
Values with 13 values:
Value 0: (gtsam::Pose2) (-3.47949e-27, -2.21789e-27, -1.12626e-30)

Value 1: (gtsam::Pose2) (0.160661, 0.00322623, 0.0211494)

Value 2: (gtsam::Pose2) (0.292657, 0.0158087, 0.0109639)

Value 3: (gtsam::Pose2) (0.412629, -0.00296476, 0.0130425)

Value 4: (gtsam::Pose2) (0.542276, 0.00858561, 0.0865296)

Value 5: (gtsam::Pose2) (0.634667, 0.0200472, 0.283292)

Value 6: (gtsam::Pose2) (0.685909, 0.0298045, 0.453831)

Value 7: (gtsam::Pose2) (0.760437, 0.0709979, 0.776535)

Value 8: (gtsam::Pose2) (0.819056, -0.184983, 1.00335)

Value 9: (gtsam::Pose2) (0.90928, -0.380999, 1.1898)

Value 10: (gtsam::Pose2) (0.950112, -0.446307, 1.25631)

Value l0: (gtsam::Point2) (1.91367, 0.200288)

Value l1: (gtsam::Point2) (1.76319, -1.4277)

Edge between pose and landmark: 11 and l1
Edge between pose and landmark: 11 and l0
CHECKPOINT received correctedGraphNodes_
CHECKPOINT added graphnodes
CHECKPOINT added graphnodes
Edge between pose and landmark: 12 and l2
Edge between pose and landmark: 12 and l0
Edge between pose and landmark: 12 and l1
CHECKPOINT received correctedGraphNodes_
CHECKPOINT added graphnodes
CHECKPOINT added graphnodes
Edge between pose and landmark: 13 and l2
Edge between pose and landmark: 13 and l0
Edge between pose and landmark: 13 and l1
CHECKPOINT received correctedGraphNodes_
CHECKPOINT added graphnodes
CHECKPOINT added graphnodes
Edge between pose and landmark: 14 and l2
Edge between pose and landmark: 14 and l0
Edge between pose and landmark: 14 and l1
CHECKPOINT received correctedGraphNodes_
CHECKPOINT added graphnodes
CHECKPOINT added graphnodes
Edge between pose and landmark: 15 and l2
Edge between pose and landmark: 15 and l0
Edge between pose and landmark: 15 and l1
COMPUTE1 Final result_:
Values with 19 values:
Value 0: (gtsam::Pose2) (-1.42393e-24, -1.51022e-24, -3.50837e-28)

Value 1: (gtsam::Pose2) (0.160661, 0.00322623, 0.0211494)

Value 2: (gtsam::Pose2) (0.292657, 0.0158087, 0.0109639)

Value 3: (gtsam::Pose2) (0.412629, -0.00296476, 0.0130425)

Value 4: (gtsam::Pose2) (0.542276, 0.00858561, 0.0865296)

Value 5: (gtsam::Pose2) (0.634667, 0.0200472, 0.283292)

Value 6: (gtsam::Pose2) (0.685909, 0.0298045, 0.453831)

Value 7: (gtsam::Pose2) (0.760437, 0.0709979, 0.776535)

Value 8: (gtsam::Pose2) (0.819056, -0.184983, 1.00335)

Value 9: (gtsam::Pose2) (0.909299, -0.381016, 1.1898)

Value 10: (gtsam::Pose2) (0.954343, -0.449812, 1.25621)

Value 11: (gtsam::Pose2) (0.9538, -0.455624, 1.27287)

Value 12: (gtsam::Pose2) (0.952185, -0.457975, 1.27584)

Value 13: (gtsam::Pose2) (0.946291, -0.476767, 1.31693)

Value 14: (gtsam::Pose2) (0.953465, -0.453885, 1.26685)

Value 15: (gtsam::Pose2) (0.96496, -0.41889, 1.18925)

Value l0: (gtsam::Point2) (1.91367, 0.200288)

Value l1: (gtsam::Point2) (1.77422, -1.42751)

Value l2: (gtsam::Point2) (2.0398, -0.979928)

[0m[ INFO] [1691952193.168575055, 54.865000000]: Key ID: 0, Optimized Position (x, y, theta): (-1.42393e-24, -1.51022e-24, -3.50837e-28), Marginal Covariance:
      1e-12 2.13323e-35  5.5917e-39
2.13323e-35       1e-12 1.23721e-38
 5.5917e-39 1.23721e-38       1e-16[0m
[0m[ INFO] [1691952193.168674846, 54.865000000]: Key ID: 1, Optimized Position (x, y, theta): (0.160661, 0.00322623, 0.0211494), Marginal Covariance:
 0.00485818  0.00245558 6.48504e-17
 0.00245558    0.039951 5.82927e-16
6.48504e-17 5.82927e-16 0.000115754[0m
[0m[ INFO] [1691952193.168785301, 54.865000000]: Key ID: 2, Optimized Position (x, y, theta): (0.292657, 0.0158087, 0.0109639), Marginal Covariance:
   0.0134775   0.00716841 -1.28887e-06
  0.00716841    0.0863729  1.52941e-05
-1.28887e-06  1.52941e-05  0.000232437[0m
[0m[ INFO] [1691952193.168904899, 54.865000000]: Key ID: 3, Optimized Position (x, y, theta): (0.412629, -0.00296476, 0.0130425), Marginal Covariance:
  0.0451197   0.0148214  3.4699e-06
  0.0148214    0.141914 4.31233e-05
 3.4699e-06 4.31233e-05 0.000356869[0m
[0m[ INFO] [1691952193.169024253, 54.865000000]: Key ID: 4, Optimized Position (x, y, theta): (0.542276, 0.00858561, 0.0865296), Marginal Covariance:
  0.0649023   0.0279789 6.22224e-06
  0.0279789    0.173593  8.6864e-05
6.22224e-06  8.6864e-05 0.000432879[0m
[0m[ INFO] [1691952193.169165015, 54.866000000]: Key ID: 5, Optimized Position (x, y, theta): (0.634667, 0.0200472, 0.283292), Marginal Covariance:
  0.0883297   0.0431135 2.92584e-05
  0.0431135    0.164329 0.000120485
2.92584e-05 0.000120485 0.000435591[0m
[0m[ INFO] [1691952193.169294287, 54.866000000]: Key ID: 6, Optimized Position (x, y, theta): (0.685909, 0.0298045, 0.453831), Marginal Covariance:
   0.124264   0.0575794 5.54151e-05
  0.0575794    0.169251 0.000136371
5.54151e-05 0.000136371 0.000495022[0m
[0m[ INFO] [1691952193.169441215, 54.866000000]: Key ID: 7, Optimized Position (x, y, theta): (0.760437, 0.0709979, 0.776535), Marginal Covariance:
    0.22077   0.0680759 0.000107111
  0.0680759       0.184 0.000152366
0.000107111 0.000152366 0.000622322[0m
[0m[ INFO] [1691952193.169571198, 54.866000000]: Key ID: 8, Optimized Position (x, y, theta): (0.819056, -0.184983, 1.00335), Marginal Covariance:
    0.248928    0.0532204  0.000163977
   0.0532204     0.156153 -0.000106486
 0.000163977 -0.000106486  0.000749634[0m
[0m[ INFO] [1691952193.169695882, 54.866000000]: Key ID: 9, Optimized Position (x, y, theta): (0.909299, -0.381016, 1.1898), Marginal Covariance:
    0.265245    0.0326791  0.000176126
   0.0326791      0.14011 -0.000351663
 0.000176126 -0.000351663  0.000865215[0m
[0m[ INFO] [1691952193.169814272, 54.866000000]: Key ID: 10, Optimized Position (x, y, theta): (0.954343, -0.449812, 1.25621), Marginal Covariance:
    0.269099    0.0241456  0.000118614
   0.0241456     0.136473 -0.000521778
 0.000118614 -0.000521778  0.000990704[0m
[0m[ INFO] [1691952193.169919704, 54.866000000]: Key ID: 11, Optimized Position (x, y, theta): (0.9538, -0.455624, 1.27287), Marginal Covariance:
    0.269873    0.0219257  9.73486e-05
   0.0219257     0.135713 -0.000542376
 9.73486e-05 -0.000542376   0.00101586[0m
[0m[ INFO] [1691952193.170073245, 54.866000000]: Key ID: 12, Optimized Position (x, y, theta): (0.952185, -0.457975, 1.27584), Marginal Covariance:
    0.270002    0.0215282  9.25377e-05
   0.0215282     0.135585 -0.000546273
 9.25377e-05 -0.000546273   0.00101765[0m
[0m[ INFO] [1691952193.170243175, 54.867000000]: Key ID: 13, Optimized Position (x, y, theta): (0.946291, -0.476767, 1.31693), Marginal Covariance:
    0.271542    0.0159375  6.90379e-05
   0.0159375     0.134067 -0.000569641
 6.90379e-05 -0.000569641   0.00101765[0m
[0m[ INFO] [1691952193.170411691, 54.867000000]: Key ID: 14, Optimized Position (x, y, theta): (0.953465, -0.453885, 1.26685), Marginal Covariance:
   0.269605   0.0227327 9.71759e-05
  0.0227327    0.135978 -0.00054129
9.71759e-05 -0.00054129  0.00101821[0m
[0m[ INFO] [1691952193.170589223, 54.867000000]: Key ID: 15, Optimized Position (x, y, theta): (0.96496, -0.41889, 1.18925), Marginal Covariance:
    0.265287    0.0327937  0.000136615
   0.0327937     0.140257 -0.000495039
 0.000136615 -0.000495039   0.00101782[0m
[0m[ INFO] [1691952193.170747791, 54.867000000]: Key ID: 0, Optimized Position (x, y): (1.91367, 0.200288), Marginal Covariance:
 0.134673 0.0194341
0.0194341  0.271412[0m
[0m[ INFO] [1691952193.170894865, 54.867000000]: Key ID: 1, Optimized Position (x, y): (1.77422, -1.42751), Marginal Covariance:
 0.136977 0.0206904
0.0206904  0.271189[0m
[0m[ INFO] [1691952193.171032756, 54.867000000]: Key ID: 2, Optimized Position (x, y): (2.0398, -0.979928), Marginal Covariance:
 0.135819 0.0206375
0.0206375  0.271671[0m
[0m[ INFO] [1691952193.171095589, 54.867000000]: map feature key: 0[0m
[0m[ INFO] [1691952193.171124410, 54.867000000]: map feature key: 1[0m
[0m[ INFO] [1691952193.171143145, 54.867000000]: map feature key: 2[0m
CHECKPOINT received correctedGraphNodes_
CHECKPOINT added graphnodes
CHECKPOINT added graphnodes
CHECKPOINT added graphnodes
PUBLISH OPTIMIZATION OUTPUT result:
Values with 19 values:
Value 0: (gtsam::Pose2) (-1.42393e-24, -1.51022e-24, -3.50837e-28)

Value 1: (gtsam::Pose2) (0.160661, 0.00322623, 0.0211494)

Value 2: (gtsam::Pose2) (0.292657, 0.0158087, 0.0109639)

Value 3: (gtsam::Pose2) (0.412629, -0.00296476, 0.0130425)

Value 4: (gtsam::Pose2) (0.542276, 0.00858561, 0.0865296)

Value 5: (gtsam::Pose2) (0.634667, 0.0200472, 0.283292)

Value 6: (gtsam::Pose2) (0.685909, 0.0298045, 0.453831)

Value 7: (gtsam::Pose2) (0.760437, 0.0709979, 0.776535)

Value 8: (gtsam::Pose2) (0.819056, -0.184983, 1.00335)

Value 9: (gtsam::Pose2) (0.909299, -0.381016, 1.1898)

Value 10: (gtsam::Pose2) (0.954343, -0.449812, 1.25621)

Value 11: (gtsam::Pose2) (0.9538, -0.455624, 1.27287)

Value 12: (gtsam::Pose2) (0.952185, -0.457975, 1.27584)

Value 13: (gtsam::Pose2) (0.946291, -0.476767, 1.31693)

Value 14: (gtsam::Pose2) (0.953465, -0.453885, 1.26685)

Value 15: (gtsam::Pose2) (0.96496, -0.41889, 1.18925)

Value l0: (gtsam::Point2) (1.91367, 0.200288)

Value l1: (gtsam::Point2) (1.77422, -1.42751)

Value l2: (gtsam::Point2) (2.0398, -0.979928)

Edge between pose and landmark: 16 and l2
Edge between pose and landmark: 16 and l0
Edge between pose and landmark: 16 and l1
CHECKPOINT received correctedGraphNodes_
CHECKPOINT added graphnodes
CHECKPOINT added graphnodes
CHECKPOINT added graphnodes
Edge between pose and landmark: 17 and l2
Edge between pose and landmark: 17 and l0
Edge between pose and landmark: 17 and l1
CHECKPOINT received correctedGraphNodes_
CHECKPOINT added graphnodes
CHECKPOINT added graphnodes
CHECKPOINT added graphnodes
Edge between pose and landmark: 18 and l2
Edge between pose and landmark: 18 and l0
Edge between pose and landmark: 18 and l1
CHECKPOINT received correctedGraphNodes_
CHECKPOINT added graphnodes
CHECKPOINT added graphnodes
CHECKPOINT added graphnodes
Edge between pose and landmark: 19 and l2
Edge between pose and landmark: 19 and l0
Edge between pose and landmark: 19 and l1
CHECKPOINT received correctedGraphNodes_
CHECKPOINT added graphnodes
CHECKPOINT added graphnodes
CHECKPOINT added graphnodes
Edge between pose and landmark: 20 and l2
Edge between pose and landmark: 20 and l0
Edge between pose and landmark: 20 and l1
COMPUTE1 Final result_:
Values with 24 values:
Value 0: (gtsam::Pose2) (1.53137e-24, -5.19778e-24, -7.3562e-28)

Value 1: (gtsam::Pose2) (0.160661, 0.00322623, 0.0211494)

Value 2: (gtsam::Pose2) (0.292657, 0.0158087, 0.0109639)

Value 3: (gtsam::Pose2) (0.412629, -0.00296476, 0.0130425)

Value 4: (gtsam::Pose2) (0.542276, 0.00858561, 0.0865296)

Value 5: (gtsam::Pose2) (0.634667, 0.0200472, 0.283292)

Value 6: (gtsam::Pose2) (0.685909, 0.0298045, 0.453831)

Value 7: (gtsam::Pose2) (0.760437, 0.0709979, 0.776535)

Value 8: (gtsam::Pose2) (0.819056, -0.184983, 1.00335)

Value 9: (gtsam::Pose2) (0.909296, -0.381014, 1.1898)

Value 10: (gtsam::Pose2) (0.953854, -0.448702, 1.25622)

Value 11: (gtsam::Pose2) (0.95329, -0.454673, 1.27331)

Value 12: (gtsam::Pose2) (0.951035, -0.458536, 1.27985)

Value 13: (gtsam::Pose2) (0.935755, -0.509428, 1.3901)

Value 14: (gtsam::Pose2) (0.95178, -0.456033, 1.27432)

Value 15: (gtsam::Pose2) (0.958589, -0.434723, 1.22712)

Value 16: (gtsam::Pose2) (0.946291, -0.473726, 1.31354)

Value 17: (gtsam::Pose2) (0.947212, -0.470587, 1.30653)

Value 18: (gtsam::Pose2) (0.959189, -0.43316, 1.22372)

Value 19: (gtsam::Pose2) (0.962613, -0.422955, 1.20113)

Value 20: (gtsam::Pose2) (0.970846, -0.39922, 1.14814)

Value l0: (gtsam::Point2) (1.91367, 0.200288)

Value l1: (gtsam::Point2) (1.7745, -1.4254)

Value l2: (gtsam::Point2) (2.03933, -0.977998)

[0m[ INFO] [1691952194.239911366, 55.892000000]: Key ID: 0, Optimized Position (x, y, theta): (1.53137e-24, -5.19778e-24, -7.3562e-28), Marginal Covariance:
       1e-12  1.35003e-36   4.4611e-39
 1.35003e-36        1e-12 -1.00192e-38
  4.4611e-39 -1.00192e-38        1e-16[0m
[0m[ INFO] [1691952194.240043351, 55.892000000]: Key ID: 1, Optimized Position (x, y, theta): (0.160661, 0.00322623, 0.0211494), Marginal Covariance:
  0.00485818   0.00245558 -2.45363e-18
  0.00245558     0.039951 -4.04238e-16
-2.45363e-18 -4.04238e-16  0.000115754[0m
[0m[ INFO] [1691952194.240150697, 55.892000000]: Key ID: 2, Optimized Position (x, y, theta): (0.292657, 0.0158087, 0.0109639), Marginal Covariance:
   0.0134775   0.00716841 -1.28887e-06
  0.00716841    0.0863729  1.52941e-05
-1.28887e-06  1.52941e-05  0.000232437[0m
[0m[ INFO] [1691952194.240255626, 55.892000000]: Key ID: 3, Optimized Position (x, y, theta): (0.412629, -0.00296476, 0.0130425), Marginal Covariance:
  0.0451197   0.0148214  3.4699e-06
  0.0148214    0.141914 4.31233e-05
 3.4699e-06 4.31233e-05 0.000356869[0m
[0m[ INFO] [1691952194.240350528, 55.892000000]: Key ID: 4, Optimized Position (x, y, theta): (0.542276, 0.00858561, 0.0865296), Marginal Covariance:
  0.0649023   0.0279789 6.22224e-06
  0.0279789    0.173593  8.6864e-05
6.22224e-06  8.6864e-05 0.000432879[0m
[0m[ INFO] [1691952194.240448545, 55.892000000]: Key ID: 5, Optimized Position (x, y, theta): (0.634667, 0.0200472, 0.283292), Marginal Covariance:
  0.0883297   0.0431135 2.92584e-05
  0.0431135    0.164329 0.000120485
2.92584e-05 0.000120485 0.000435591[0m
[0m[ INFO] [1691952194.240534047, 55.892000000]: Key ID: 6, Optimized Position (x, y, theta): (0.685909, 0.0298045, 0.453831), Marginal Covariance:
   0.124264   0.0575794 5.54151e-05
  0.0575794    0.169251 0.000136371
5.54151e-05 0.000136371 0.000495022[0m
[0m[ INFO] [1691952194.240630751, 55.892000000]: Key ID: 7, Optimized Position (x, y, theta): (0.760437, 0.0709979, 0.776535), Marginal Covariance:
    0.22077   0.0680759 0.000107111
  0.0680759       0.184 0.000152366
0.000107111 0.000152366 0.000622322[0m
[0m[ INFO] [1691952194.240785595, 55.892000000]: Key ID: 8, Optimized Position (x, y, theta): (0.819056, -0.184983, 1.00335), Marginal Covariance:
    0.248928    0.0532204  0.000163977
   0.0532204     0.156153 -0.000106486
 0.000163977 -0.000106486  0.000749634[0m
[0m[ INFO] [1691952194.240957173, 55.893000000]: Key ID: 9, Optimized Position (x, y, theta): (0.909296, -0.381014, 1.1898), Marginal Covariance:
    0.265245    0.0326791  0.000176123
   0.0326791      0.14011 -0.000351662
 0.000176123 -0.000351662  0.000865215[0m
[0m[ INFO] [1691952194.241127007, 55.893000000]: Key ID: 10, Optimized Position (x, y, theta): (0.953854, -0.448702, 1.25622), Marginal Covariance:
   0.269098   0.0241435  0.00011779
  0.0241435    0.136471  -0.0005209
 0.00011779  -0.0005209 0.000990709[0m
[0m[ INFO] [1691952194.241289465, 55.893000000]: Key ID: 11, Optimized Position (x, y, theta): (0.95329, -0.454673, 1.27331), Marginal Covariance:
    0.269892    0.0218667  9.63018e-05
   0.0218667     0.135692 -0.000541687
 9.63018e-05 -0.000541687   0.00101588[0m
[0m[ INFO] [1691952194.241420404, 55.893000000]: Key ID: 12, Optimized Position (x, y, theta): (0.951035, -0.458536, 1.27985), Marginal Covariance:
    0.270172     0.020988  8.92748e-05
    0.020988     0.135415 -0.000547409
 8.92748e-05 -0.000547409   0.00101723[0m
[0m[ INFO] [1691952194.241596090, 55.893000000]: Key ID: 13, Optimized Position (x, y, theta): (0.935755, -0.509428, 1.3901), Marginal Covariance:
     0.27313   0.00574529  2.29537e-05
  0.00574529     0.132517 -0.000607396
 2.29537e-05 -0.000607396   0.00101637[0m
[0m[ INFO] [1691952194.241906865, 55.893000000]: Key ID: 14, Optimized Position (x, y, theta): (0.95178, -0.456033, 1.27432), Marginal Covariance:
    0.269936    0.0217316  9.20396e-05
   0.0217316     0.135648 -0.000544446
 9.20396e-05 -0.000544446    0.0010177[0m
[0m[ INFO] [1691952194.242127315, 55.894000000]: Key ID: 15, Optimized Position (x, y, theta): (0.958589, -0.434723, 1.22712), Marginal Covariance:
    0.267588    0.0279666  0.000117437
   0.0279666     0.137971 -0.000516925
 0.000117437 -0.000516925   0.00101649[0m
[0m[ INFO] [1691952194.242307662, 55.894000000]: Key ID: 16, Optimized Position (x, y, theta): (0.946291, -0.473726, 1.31354), Marginal Covariance:
    0.271431    0.0164035  7.10803e-05
   0.0164035     0.134172 -0.000566369
 7.10803e-05 -0.000566369   0.00101512[0m
[0m[ INFO] [1691952194.242476789, 55.894000000]: Key ID: 17, Optimized Position (x, y, theta): (0.947212, -0.470587, 1.30653), Marginal Covariance:
   0.271195   0.0173634 7.44721e-05
  0.0173634    0.134405 -0.00056253
7.44721e-05 -0.00056253  0.00101644[0m
[0m[ INFO] [1691952194.242625201, 55.894000000]: Key ID: 18, Optimized Position (x, y, theta): (0.959189, -0.43316, 1.22372), Marginal Covariance:
    0.267396    0.0284077   0.00011927
   0.0284077     0.138162 -0.000514832
  0.00011927 -0.000514832   0.00101642[0m
[0m[ INFO] [1691952194.242794500, 55.894000000]: Key ID: 19, Optimized Position (x, y, theta): (0.962613, -0.422955, 1.20113), Marginal Covariance:
    0.266047    0.0312988  0.000130427
   0.0312988       0.1395 -0.000501161
 0.000130427 -0.000501161   0.00101629[0m
[0m[ INFO] [1691952194.243156352, 55.895000000]: Key ID: 20, Optimized Position (x, y, theta): (0.970846, -0.39922, 1.14814), Marginal Covariance:
     0.26238    0.0378218  0.000154123
   0.0378218     0.143142 -0.000468351
 0.000154123 -0.000468351   0.00101713[0m
[0m[ INFO] [1691952194.243360947, 55.895000000]: Key ID: 0, Optimized Position (x, y): (1.91367, 0.200288), Marginal Covariance:
 0.134673 0.0194341
0.0194341  0.271412[0m
[0m[ INFO] [1691952194.243534483, 55.895000000]: Key ID: 1, Optimized Position (x, y): (1.7745, -1.4254), Marginal Covariance:
  0.13697 0.0206885
0.0206885  0.271185[0m
[0m[ INFO] [1691952194.243697032, 55.895000000]: Key ID: 2, Optimized Position (x, y): (2.03933, -0.977998), Marginal Covariance:
 0.135811 0.0206329
0.0206329  0.271661[0m
[0m[ INFO] [1691952194.243776350, 55.895000000]: map feature key: 0[0m
[0m[ INFO] [1691952194.243801486, 55.895000000]: map feature key: 1[0m
[0m[ INFO] [1691952194.243822507, 55.895000000]: map feature key: 2[0m
CHECKPOINT received correctedGraphNodes_
CHECKPOINT added graphnodes
CHECKPOINT added graphnodes
CHECKPOINT added graphnodes
PUBLISH OPTIMIZATION OUTPUT result:
Values with 24 values:
Value 0: (gtsam::Pose2) (1.53137e-24, -5.19778e-24, -7.3562e-28)

Value 1: (gtsam::Pose2) (0.160661, 0.00322623, 0.0211494)

Value 2: (gtsam::Pose2) (0.292657, 0.0158087, 0.0109639)

Value 3: (gtsam::Pose2) (0.412629, -0.00296476, 0.0130425)

Value 4: (gtsam::Pose2) (0.542276, 0.00858561, 0.0865296)

Value 5: (gtsam::Pose2) (0.634667, 0.0200472, 0.283292)

Value 6: (gtsam::Pose2) (0.685909, 0.0298045, 0.453831)

Value 7: (gtsam::Pose2) (0.760437, 0.0709979, 0.776535)

Value 8: (gtsam::Pose2) (0.819056, -0.184983, 1.00335)

Value 9: (gtsam::Pose2) (0.909296, -0.381014, 1.1898)

Value 10: (gtsam::Pose2) (0.953854, -0.448702, 1.25622)

Value 11: (gtsam::Pose2) (0.95329, -0.454673, 1.27331)

Value 12: (gtsam::Pose2) (0.951035, -0.458536, 1.27985)

Value 13: (gtsam::Pose2) (0.935755, -0.509428, 1.3901)

Value 14: (gtsam::Pose2) (0.95178, -0.456033, 1.27432)

Value 15: (gtsam::Pose2) (0.958589, -0.434723, 1.22712)

Value 16: (gtsam::Pose2) (0.946291, -0.473726, 1.31354)

Value 17: (gtsam::Pose2) (0.947212, -0.470587, 1.30653)

Value 18: (gtsam::Pose2) (0.959189, -0.43316, 1.22372)

Value 19: (gtsam::Pose2) (0.962613, -0.422955, 1.20113)

Value 20: (gtsam::Pose2) (0.970846, -0.39922, 1.14814)

Value l0: (gtsam::Point2) (1.91367, 0.200288)

Value l1: (gtsam::Point2) (1.7745, -1.4254)

Value l2: (gtsam::Point2) (2.03933, -0.977998)

Edge between pose and landmark: 21 and l2
Edge between pose and landmark: 21 and l0
Edge between pose and landmark: 21 and l1
CHECKPOINT received correctedGraphNodes_
CHECKPOINT added graphnodes
CHECKPOINT added graphnodes
CHECKPOINT added graphnodes
Edge between pose and landmark: 22 and l2
Edge between pose and landmark: 22 and l0
Edge between pose and landmark: 22 and l1
CHECKPOINT received correctedGraphNodes_
CHECKPOINT added graphnodes
CHECKPOINT added graphnodes
CHECKPOINT added graphnodes
Edge between pose and landmark: 23 and l2
Edge between pose and landmark: 23 and l0
Edge between pose and landmark: 23 and l1
CHECKPOINT received correctedGraphNodes_
CHECKPOINT added graphnodes
CHECKPOINT added graphnodes
CHECKPOINT added graphnodes
Edge between pose and landmark: 24 and l2
Edge between pose and landmark: 24 and l0
Edge between pose and landmark: 24 and l1
CHECKPOINT received correctedGraphNodes_
CHECKPOINT added graphnodes
CHECKPOINT added graphnodes
CHECKPOINT added graphnodes
Edge between pose and landmark: 25 and l2
Edge between pose and landmark: 25 and l0
Edge between pose and landmark: 25 and l1
COMPUTE1 Final result_:
Values with 29 values:
Value 0: (gtsam::Pose2) (1.00162e-25, -6.90927e-24, -8.18173e-28)

Value 1: (gtsam::Pose2) (0.160661, 0.00322623, 0.0211494)

Value 2: (gtsam::Pose2) (0.292657, 0.0158087, 0.0109639)

Value 3: (gtsam::Pose2) (0.412629, -0.00296476, 0.0130425)

Value 4: (gtsam::Pose2) (0.542276, 0.00858561, 0.0865296)

Value 5: (gtsam::Pose2) (0.634667, 0.0200472, 0.283292)

Value 6: (gtsam::Pose2) (0.685909, 0.0298045, 0.453831)

Value 7: (gtsam::Pose2) (0.760437, 0.0709979, 0.776535)

Value 8: (gtsam::Pose2) (0.819056, -0.184983, 1.00335)

Value 9: (gtsam::Pose2) (0.909296, -0.381014, 1.1898)

Value 10: (gtsam::Pose2) (0.95389, -0.448794, 1.25622)

Value 11: (gtsam::Pose2) (0.953325, -0.454775, 1.27334)

Value 12: (gtsam::Pose2) (0.951061, -0.458794, 1.28018)

Value 13: (gtsam::Pose2) (0.935026, -0.512405, 1.39624)

Value 14: (gtsam::Pose2) (0.950877, -0.459171, 1.28091)

Value 15: (gtsam::Pose2) (0.948611, -0.466209, 1.29635)

Value 16: (gtsam::Pose2) (0.94574, -0.475823, 1.31775)

Value 17: (gtsam::Pose2) (0.945828, -0.475418, 1.3167)

Value 18: (gtsam::Pose2) (0.959098, -0.433763, 1.22478)

Value 19: (gtsam::Pose2) (0.96283, -0.422628, 1.20017)

Value 20: (gtsam::Pose2) (0.974505, -0.389271, 1.12547)

Value 21: (gtsam::Pose2) (0.965222, -0.415726, 1.18453)

Value 22: (gtsam::Pose2) (0.954814, -0.446851, 1.25436)

Value 23: (gtsam::Pose2) (0.954147, -0.448911, 1.25834)

Value 24: (gtsam::Pose2) (0.953474, -0.450947, 1.26292)

Value 25: (gtsam::Pose2) (0.950977, -0.458945, 1.28082)

Value l0: (gtsam::Point2) (1.91367, 0.200288)

Value l1: (gtsam::Point2) (1.77446, -1.42559)

Value l2: (gtsam::Point2) (2.03947, -0.978103)

[0m[ INFO] [1691952201.480158723, 62.869000000]: Key ID: 0, Optimized Position (x, y, theta): (1.00162e-25, -6.90927e-24, -8.18173e-28), Marginal Covariance:
       1e-12 -1.65642e-34 -7.02006e-38
-1.65642e-34        1e-12  2.14117e-38
-7.02006e-38  2.14117e-38        1e-16[0m
[0m[ INFO] [1691952201.480334310, 62.869000000]: Key ID: 1, Optimized Position (x, y, theta): (0.160661, 0.00322623, 0.0211494), Marginal Covariance:
  0.00485818   0.00245558 -3.25259e-16
  0.00245558     0.039951  6.89714e-16
-3.25259e-16  6.89714e-16  0.000115754[0m
[0m[ INFO] [1691952201.480492030, 62.869000000]: Key ID: 2, Optimized Position (x, y, theta): (0.292657, 0.0158087, 0.0109639), Marginal Covariance:
   0.0134775   0.00716841 -1.28887e-06
  0.00716841    0.0863729  1.52941e-05
-1.28887e-06  1.52941e-05  0.000232437[0m
[0m[ INFO] [1691952201.480607632, 62.869000000]: Key ID: 3, Optimized Position (x, y, theta): (0.412629, -0.00296476, 0.0130425), Marginal Covariance:
  0.0451197   0.0148214  3.4699e-06
  0.0148214    0.141914 4.31233e-05
 3.4699e-06 4.31233e-05 0.000356869[0m
[0m[ INFO] [1691952201.480723926, 62.869000000]: Key ID: 4, Optimized Position (x, y, theta): (0.542276, 0.00858561, 0.0865296), Marginal Covariance:
  0.0649023   0.0279789 6.22224e-06
  0.0279789    0.173593  8.6864e-05
6.22224e-06  8.6864e-05 0.000432879[0m
[0m[ INFO] [1691952201.480816853, 62.869000000]: Key ID: 5, Optimized Position (x, y, theta): (0.634667, 0.0200472, 0.283292), Marginal Covariance:
  0.0883297   0.0431135 2.92584e-05
  0.0431135    0.164329 0.000120485
2.92584e-05 0.000120485 0.000435591[0m
[0m[ INFO] [1691952201.480915512, 62.869000000]: Key ID: 6, Optimized Position (x, y, theta): (0.685909, 0.0298045, 0.453831), Marginal Covariance:
   0.124264   0.0575794 5.54151e-05
  0.0575794    0.169251 0.000136371
5.54151e-05 0.000136371 0.000495022[0m
[0m[ INFO] [1691952201.481021722, 62.869000000]: Key ID: 7, Optimized Position (x, y, theta): (0.760437, 0.0709979, 0.776535), Marginal Covariance:
    0.22077   0.0680759 0.000107111
  0.0680759       0.184 0.000152366
0.000107111 0.000152366 0.000622322[0m
[0m[ INFO] [1691952201.481136679, 62.869000000]: Key ID: 8, Optimized Position (x, y, theta): (0.819056, -0.184983, 1.00335), Marginal Covariance:
    0.248928    0.0532204  0.000163977
   0.0532204     0.156153 -0.000106486
 0.000163977 -0.000106486  0.000749634[0m
[0m[ INFO] [1691952201.481271299, 62.869000000]: Key ID: 9, Optimized Position (x, y, theta): (0.909296, -0.381014, 1.1898), Marginal Covariance:
    0.265245    0.0326791  0.000176123
   0.0326791      0.14011 -0.000351662
 0.000176123 -0.000351662  0.000865215[0m
[0m[ INFO] [1691952201.481411447, 62.871000000]: Key ID: 10, Optimized Position (x, y, theta): (0.95389, -0.448794, 1.25622), Marginal Covariance:
    0.269098    0.0241434  0.000117849
   0.0241434      0.13647 -0.000520979
 0.000117849 -0.000520979  0.000990708[0m
[0m[ INFO] [1691952201.481531434, 62.871000000]: Key ID: 11, Optimized Position (x, y, theta): (0.953325, -0.454775, 1.27334), Marginal Covariance:
    0.269893    0.0218621  9.63437e-05
   0.0218621     0.135691 -0.000541782
 9.63437e-05 -0.000541782   0.00101588[0m
[0m[ INFO] [1691952201.481643454, 62.871000000]: Key ID: 12, Optimized Position (x, y, theta): (0.951061, -0.458794, 1.28018), Marginal Covariance:
    0.270186    0.0209425  8.91636e-05
   0.0209425       0.1354 -0.000547644
 8.91636e-05 -0.000547644    0.0010171[0m
[0m[ INFO] [1691952201.481749166, 62.871000000]: Key ID: 13, Optimized Position (x, y, theta): (0.935026, -0.512405, 1.39624), Marginal Covariance:
    0.273195   0.00488107  1.89921e-05
  0.00488107     0.132455 -0.000610567
 1.89921e-05 -0.000610567   0.00101621[0m
[0m[ INFO] [1691952201.481971225, 62.871000000]: Key ID: 14, Optimized Position (x, y, theta): (0.950877, -0.459171, 1.28091), Marginal Covariance:
    0.270216     0.020845  8.84656e-05
    0.020845     0.135371 -0.000548292
 8.84656e-05 -0.000548292   0.00101754[0m
[0m[ INFO] [1691952201.482129207, 62.872000000]: Key ID: 15, Optimized Position (x, y, theta): (0.948611, -0.466209, 1.29635), Marginal Covariance:
    0.270827    0.0187521  8.06433e-05
   0.0187521     0.134767 -0.000557081
 8.06433e-05 -0.000557081   0.00101563[0m
[0m[ INFO] [1691952201.482351972, 62.872000000]: Key ID: 16, Optimized Position (x, y, theta): (0.94574, -0.475823, 1.31775), Marginal Covariance:
    0.271567    0.0158236  6.86647e-05
   0.0158236     0.134038 -0.000568806
 6.86647e-05 -0.000568806   0.00101495[0m
[0m[ INFO] [1691952201.482523721, 62.872000000]: Key ID: 17, Optimized Position (x, y, theta): (0.945828, -0.475418, 1.3167), Marginal Covariance:
    0.271534    0.0159687  6.89548e-05
   0.0159687     0.134071 -0.000568298
 6.89548e-05 -0.000568298   0.00101556[0m
[0m[ INFO] [1691952201.482640554, 62.872000000]: Key ID: 18, Optimized Position (x, y, theta): (0.959098, -0.433763, 1.22478), Marginal Covariance:
   0.267456   0.0282697 0.000118826
  0.0282697    0.138102 -0.00051552
0.000118826 -0.00051552  0.00101626[0m
[0m[ INFO] [1691952201.482748266, 62.872000000]: Key ID: 19, Optimized Position (x, y, theta): (0.96283, -0.422628, 1.20017), Marginal Covariance:
    0.265987    0.0314191  0.000130979
   0.0314191     0.139559 -0.000500607
 0.000130979 -0.000500607   0.00101612[0m
[0m[ INFO] [1691952201.482882051, 62.872000000]: Key ID: 20, Optimized Position (x, y, theta): (0.974505, -0.389271, 1.12547), Marginal Covariance:
    0.260605    0.0404861  0.000164087
   0.0404861     0.144907 -0.000454005
 0.000164087 -0.000454005   0.00101615[0m
[0m[ INFO] [1691952201.483053668, 62.873000000]: Key ID: 21, Optimized Position (x, y, theta): (0.965222, -0.415726, 1.18453), Marginal Covariance:
    0.264973    0.0333831  0.000138318
   0.0333831     0.140566 -0.000491143
 0.000138318 -0.000491143    0.0010163[0m
[0m[ INFO] [1691952201.483315196, 62.873000000]: Key ID: 22, Optimized Position (x, y, theta): (0.954814, -0.446851, 1.25436), Marginal Covariance:
    0.269014    0.0243951  0.000103427
   0.0243951     0.136558 -0.000532695
 0.000103427 -0.000532695   0.00101647[0m
[0m[ INFO] [1691952201.483473942, 62.873000000]: Key ID: 23, Optimized Position (x, y, theta): (0.954147, -0.448911, 1.25834), Marginal Covariance:
    0.269207    0.0238672   0.00010079
   0.0238672     0.136368 -0.000535287
  0.00010079 -0.000535287   0.00101754[0m
[0m[ INFO] [1691952201.483624831, 62.873000000]: Key ID: 24, Optimized Position (x, y, theta): (0.953474, -0.450947, 1.26292), Marginal Covariance:
    0.269422    0.0232579  9.84054e-05
   0.0232579     0.136155 -0.000537909
 9.84054e-05 -0.000537909   0.00101736[0m
[0m[ INFO] [1691952201.483768087, 62.873000000]: Key ID: 25, Optimized Position (x, y, theta): (0.950977, -0.458945, 1.28082), Marginal Covariance:
   0.270212    0.020857 8.82396e-05
   0.020857    0.135374 -0.00054803
8.82396e-05 -0.00054803  0.00101819[0m
[0m[ INFO] [1691952201.483896771, 62.874000000]: Key ID: 0, Optimized Position (x, y): (1.91367, 0.200288), Marginal Covariance:
 0.134673 0.0194341
0.0194341  0.271412[0m
[0m[ INFO] [1691952201.484039711, 62.874000000]: Key ID: 1, Optimized Position (x, y): (1.77446, -1.42559), Marginal Covariance:
 0.136971 0.0206883
0.0206883  0.271184[0m
[0m[ INFO] [1691952201.484150304, 62.874000000]: Key ID: 2, Optimized Position (x, y): (2.03947, -0.978103), Marginal Covariance:
  0.13581 0.0206326
0.0206326  0.271659[0m
[0m[ INFO] [1691952201.484204007, 62.874000000]: map feature key: 0[0m
[0m[ INFO] [1691952201.484217319, 62.874000000]: map feature key: 1[0m
[0m[ INFO] [1691952201.484226807, 62.874000000]: map feature key: 2[0m
CHECKPOINT received correctedGraphNodes_
CHECKPOINT added graphnodes
CHECKPOINT added graphnodes
CHECKPOINT added graphnodes
PUBLISH OPTIMIZATION OUTPUT result:
Values with 29 values:
Value 0: (gtsam::Pose2) (1.00162e-25, -6.90927e-24, -8.18173e-28)

Value 1: (gtsam::Pose2) (0.160661, 0.00322623, 0.0211494)

Value 2: (gtsam::Pose2) (0.292657, 0.0158087, 0.0109639)

Value 3: (gtsam::Pose2) (0.412629, -0.00296476, 0.0130425)

Value 4: (gtsam::Pose2) (0.542276, 0.00858561, 0.0865296)

Value 5: (gtsam::Pose2) (0.634667, 0.0200472, 0.283292)

Value 6: (gtsam::Pose2) (0.685909, 0.0298045, 0.453831)

Value 7: (gtsam::Pose2) (0.760437, 0.0709979, 0.776535)

Value 8: (gtsam::Pose2) (0.819056, -0.184983, 1.00335)

Value 9: (gtsam::Pose2) (0.909296, -0.381014, 1.1898)

Value 10: (gtsam::Pose2) (0.95389, -0.448794, 1.25622)

Value 11: (gtsam::Pose2) (0.953325, -0.454775, 1.27334)

Value 12: (gtsam::Pose2) (0.951061, -0.458794, 1.28018)

Value 13: (gtsam::Pose2) (0.935026, -0.512405, 1.39624)

Value 14: (gtsam::Pose2) (0.950877, -0.459171, 1.28091)

Value 15: (gtsam::Pose2) (0.948611, -0.466209, 1.29635)

Value 16: (gtsam::Pose2) (0.94574, -0.475823, 1.31775)

Value 17: (gtsam::Pose2) (0.945828, -0.475418, 1.3167)

Value 18: (gtsam::Pose2) (0.959098, -0.433763, 1.22478)

Value 19: (gtsam::Pose2) (0.96283, -0.422628, 1.20017)

Value 20: (gtsam::Pose2) (0.974505, -0.389271, 1.12547)

Value 21: (gtsam::Pose2) (0.965222, -0.415726, 1.18453)

Value 22: (gtsam::Pose2) (0.954814, -0.446851, 1.25436)

Value 23: (gtsam::Pose2) (0.954147, -0.448911, 1.25834)

Value 24: (gtsam::Pose2) (0.953474, -0.450947, 1.26292)

Value 25: (gtsam::Pose2) (0.950977, -0.458945, 1.28082)

Value l0: (gtsam::Point2) (1.91367, 0.200288)

Value l1: (gtsam::Point2) (1.77446, -1.42559)

Value l2: (gtsam::Point2) (2.03947, -0.978103)

Edge between pose and landmark: 26 and l2
Edge between pose and landmark: 26 and l0
Edge between pose and landmark: 26 and l1
CHECKPOINT received correctedGraphNodes_
CHECKPOINT added graphnodes
CHECKPOINT added graphnodes
CHECKPOINT added graphnodes
